0.89431
0.961179
0.762625
0.751957
0.741879
0.732305
0.729214
0.745808
0.725588
0.74194
0.77278
0.741017
0.780708
0.748398
0.757095
0.75008
0.741525
0.777016
0.789887
0.753165
0.772732
0.743293
0.756955
0.753588
0.741495
0.773328
0.740472
0.765907
0.75258
1.07639
0.889955
0.737569
0.752818
0.741402
0.755409
0.756668
0.728361
0.748114
0.76683
0.747556
0.180442
0.168416
0.193017
0.182491
0.186647
0.215398
0.172426
0.18417
0.180013
0.192794
0.166983
0.164114
0.16855
0.179851
0.180501
0.224024
0.178893
0.194534
0.195155
0.301775
0.168193
0.155057
0.15743
0.175302
0.184218
0.226991
0.16247
0.197208
0.167348
0.222766
0.171129
0.151498
0.169541
0.163836
0.174399
0.242929
0.164213
0.182528
0.168272
0.186292
0.530563
0.524747
0.491272
0.521588
0.499357
0.52823
0.528838
0.504397
0.476711
0.523415
0.491506
0.509301
0.492522
0.508585
0.48295
0.500886
0.511715
0.495701
0.495455
0.507209
0.531647
0.508102
0.500007
0.5138
0.519206
0.49901
0.506893
0.513248
0.470269
0.484022
0.494884
0.50306
0.499222
0.528345
0.497739
0.506229
0.51511
0.52906
0.480518
0.602888
0.611986
0.673357
0.669118
0.749159
0.688954
0.662301
0.681698
0.668336
0.633755
0.611991
0.676151
0.644979
0.703727
0.638076
0.677257
0.661392
0.679942
0.687006
0.616075
0.596216
0.655956
0.687195
0.661515
0.685731
0.705334
0.668371
0.70972
0.648003
0.637499
0.584391
0.723389
0.671119
0.69121
0.663596
0.669185
0.67152
0.669411
0.649093
0.638509
0.591082
0.343928
0.304165
0.321938
0.372867
0.330271
0.327933
0.33883
0.343392
0.331696
0.334573
0.28642
0.283428
0.289156
0.305875
0.299482
0.329707
0.34727
0.331943
0.333111
0.339586
0.332854
0.292155
0.297839
0.326775
0.309061
0.344384
0.403053
0.344076
0.349699
0.379589
0.31825
0.285644
0.29249
0.304542
0.309805
0.329602
0.340421
0.335198
0.336923
0.335573
1.6952
0.868926
1.7568
1.97335
0.87152
1.78458
0.874805
1.75377
0.878832
0.88157
1.72802
0.861871
0.824171
1.72452
0.863374
0.851939
0.768896
0.885824
0.891572
1.75684
0.482321
0.838864
1.74702
0.837477
1.77615
1.77435
0.974354
1.79523
0.880068
1.82936
0.493114
0.834052
0.853496
0.838277
0.843158
0.903698
0.881183
1.77911
0.862687
0.885477
0.714571
0.431968
0.458957
0.440524
0.559574
0.618733
0.445083
0.463979
0.48525
0.444838
0.699169
0.496556
0.514494
0.429728
0.434737
0.454183
0.447168
0.45428
0.518745
0.451473
0.713526
0.446253
0.452581
0.443827
0.438383
0.433466
0.446285
0.448561
0.490619
0.451137
0.77245
0.4857
0.415688
0.431658
0.481475
0.449467
0.444291
0.546606
0.483022
0.439363
