1.07188
1.40102
1.39838
1.35993
1.36202
1.32879
1.54334
1.38123
1.29836
1.41491
1.41591
1.36289
1.38413
1.36391
1.34674
1.28702
1.31736
1.38247
1.30094
1.30432
1.38733
1.36205
1.384
1.33648
1.33686
1.42493
1.47022
1.5187
1.2707
1.41161
1.42215
1.37101
1.39023
1.32944
1.36795
1.32293
1.2925
1.38547
1.27041
1.30899
0.294757
0.265642
0.436065
0.318335
0.445902
0.462411
0.297222
0.397037
0.357011
0.402189
0.287035
0.519383
0.301582
0.31557
0.350109
0.465609
0.323534
0.406978
0.347565
0.445146
0.287832
0.264529
0.296999
0.317144
0.345119
0.462085
0.339798
0.387975
0.378327
0.404634
0.326278
0.26897
0.302275
0.329761
0.383357
0.481281
0.301352
0.406466
0.377232
0.41267
1.15976
1.24483
1.1568
1.19182
1.19424
1.33283
1.23671
1.67093
1.1134
1.15126
1.41196
1.23525
1.19586
1.23796
1.15414
1.2768
1.28403
1.22002
1.11108
1.15427
1.18889
1.23235
1.20345
1.21914
1.24493
1.26181
1.27753
1.22
1.13574
1.21701
1.18391
1.28916
1.2222
1.38402
1.18919
1.17788
1.22921
1.19859
1.10301
1.22934
2.1148
2.15258
2.21543
2.11308
2.20903
2.08941
2.13943
2.17935
2.10189
1.92198
1.98065
2.10559
2.10305
2.11662
2.27994
2.13478
2.19982
2.08789
2.13114
1.99431
2.02143
2.10127
2.09528
2.14298
2.21239
2.0872
2.3499
2.0404
2.00042
1.93466
2.01877
2.10039
2.12767
2.05841
2.30503
2.12534
2.14614
2.14372
1.99553
1.9205
0.80906
0.941524
0.921851
0.949888
0.936892
1.04859
1.07861
1.08127
1.04809
1.07427
0.886158
0.873597
0.879431
0.990337
0.964098
1.03214
1.08861
1.08344
1.07165
1.08134
0.797662
0.877031
1.0395
0.977667
0.926951
1.0353
1.06416
1.06586
1.0706
1.04963
0.809549
0.889288
0.878207
0.937975
0.989039
1.06149
1.05171
1.08174
1.07109
1.06934
1.29602
1.5909
2.12404
2.08221
1.63562
2.12731
1.77856
1.67817
1.74402
2.22247
1.88432
1.58512
2.09382
1.232
1.63553
2.08471
1.69584
1.71507
1.72023
1.69692
2.0697
1.70521
1.71261
1.32635
2.13381
2.24017
1.71599
1.72292
2.21148
1.58397
2.13615
1.58171
1.58098
1.22031
1.64124
2.11717
1.69463
1.71915
1.37138
1.84373
1.09572
1.06585
1.03825
1.09404
1.0577
1.14058
1.14067
1.15985
1.29544
1.0947
1.09864
1.06797
1.01442
1.0972
1.07435
1.10731
1.10133
1.15892
1.23506
1.08431
1.0912
1.03989
1.00774
1.07177
1.20083
1.11298
1.08964
1.16569
1.23386
1.08866
1.07326
1.04331
1.53021
1.09768
1.07714
1.11952
1.08933
1.16407
1.23786
1.11594
