32.3694
30.4966
30.3722
31.0838
31.2904
30.344
30.0653
30.0638
30.2195
30.2062
30.0418
29.9752
29.9581
30.0045
29.9756
30.0143
29.9715
30.3656
30.8969
30.5602
30.1448
30.2455
30.726
30.7495
30.545
30.0871
29.9803
31.3207
30.9528
30.8372
30.0548
30.0731
30.8293
30.8152
30.5444
30.0259
29.5802
30.3767
31.2124
30.4941
29.8416
29.5943
29.5302
29.7826
29.8399
29.9005
29.6082
29.7801
29.8292
29.8844
29.6445
29.1091
29.5233
29.6529
30.2549
30.1912
29.6511
29.4858
29.8547
30.5021
30.1597
29.5974
29.6515
29.6118
30.1041
30.0179
29.4192
29.6764
29.7275
29.9187
29.4166
29.6876
29.586
29.7309
29.716
29.9924
29.647
29.4708
29.6186
30.4216
30.3527
30.3802
30.4434
30.8292
30.7683
30.3665
30.3895
30.3338
30.3613
31.0255
30.3211
30.8041
30.4111
30.4862
30.2015
30.3965
30.6471
30.4038
30.4262
30.3066
30.0345
30.4318
30.5884
30.4548
30.379
30.1553
30.5849
30.9246
30.4182
30.3551
30.3709
29.7409
30.3339
31.1194
30.4403
30.4037
30.0379
29.6653
30.4264
31.0094
31.3521
31.3494
30.7646
30.8055
30.8364
30.7422
30.7591
30.7515
30.7307
30.6278
30.7115
30.771
30.4098
30.6428
31.3627
30.8615
30.8814
30.7322
30.6624
30.6268
30.7308
30.7527
30.7277
30.7975
30.6206
30.2905
30.5894
31.1617
30.7397
30.6645
30.6932
30.7799
30.7962
30.8008
30.8678
30.737
30.8314
30.7366
30.6642
30.6523
30.7915
30.1814
29.8939
30.0347
29.8696
29.9035
30.1889
30.2348
30.0357
30.1053
29.8932
29.8454
29.8591
30.0436
30.0284
30.0273
29.9201
29.3278
30.6658
30.3481
29.9345
29.8783
29.9149
30.0403
30.268
30.3331
30.0848
30.2942
30.0117
30.0769
30.0832
29.9124
29.7088
29.8684
30.5413
30.3844
30.2679
29.9506
29.9317
29.6787
30.6387
32.3608
31.9471
31.3432
32.176
31.2238
33.1805
31.2811
32.5925
30.4687
32.0038
32.6492
32.8444
32.3331
30.2136
32.468
30.6597
31.2695
31.9924
31.2386
30.648
32.374
32.5073
31.1104
32.3941
31.0631
32.4313
32.7963
32.4372
32.531
30.6564
32.3076
32.4321
31.4457
30.3823
31.1767
32.6885
31.1925
31.4364
33.2459
30.4156
30.1837
30.7174
32.8823
30.8913
31.1019
30.6782
33.398
30.8648
36.2126
30.455
30.9285
30.7873
30.7474
32.1623
30.9363
30.4704
30.61
30.8725
30.9385
32.6443
30.7392
30.8048
30.7817
31.1891
30.9469
30.0719
30.9687
30.4917
30.8895
30.8122
30.7358
30.839
30.8314
31.6723
33.2732
30.5419
31.5536
30.4916
31.8473
