0.768651
0.567038
0.555598
0.654942
0.662103
0.652369
0.641207
0.651516
0.641488
0.643669
0.696584
0.55953
0.554334
0.660884
0.662331
0.645637
0.653159
0.5552
0.640642
0.64311
0.690814
0.563376
0.565745
0.679933
0.656085
0.710722
0.672085
0.818169
0.682602
0.550844
0.688313
0.54772
0.5594
0.649243
0.655378
0.67706
0.651035
0.659304
0.771892
0.544861
0.454808
0.446485
0.447006
0.452255
0.46137
0.508275
0.489831
0.493605
0.474536
0.481744
0.542799
0.472787
0.46003
0.452484
0.464866
0.507955
0.48058
0.465886
0.467552
0.474058
0.466354
0.436778
0.47086
0.474738
0.470059
0.51625
0.461026
0.543239
0.45984
0.487352
0.454703
0.450625
0.456462
0.456509
0.467182
0.50777
0.45842
0.496457
0.473456
0.487876
0.679192
0.663506
0.612841
0.672094
0.660461
0.676171
0.66941
0.663055
0.644499
0.67386
0.657673
0.659009
0.702174
0.655765
0.69432
0.673748
0.651621
0.653476
0.647897
0.651681
0.649185
0.660429
0.661343
0.667557
0.663552
0.726034
0.939749
0.715229
0.652905
0.665117
0.661171
0.913056
0.687969
0.681868
0.658933
0.689959
0.925157
0.669407
0.652327
0.700609
3.01373
3.00544
2.98795
2.99627
3.00754
2.98536
3.02387
2.95839
2.94528
3.2423
3.07982
2.97329
2.98658
2.97065
2.99158
2.9807
3.51594
3.0054
2.97182
2.95638
2.93584
2.98267
3.00281
3.21835
3.13499
2.98759
2.99296
3.33841
3.29132
2.9526
2.95739
3.1121
2.96063
2.98248
3.35199
2.98449
2.99949
3.00996
2.98776
3.41113
3.03578
2.98781
3.06437
3.33598
3.04159
2.99863
3.08377
3.02547
3.06017
3.05772
2.97132
2.97188
2.98063
2.99837
2.99573
2.98144
3.12859
3.06727
3.02806
3.04666
3.01272
3.07753
3.01333
3.05462
3.07471
3.01011
3.04767
3.03774
3.01895
3.04638
2.9918
3.00548
3.01937
3.06131
3.01579
3.05954
3.14381
3.06561
3.16682
3.04492
2.92498
2.02695
2.9969
2.2592
2.27345
2.9238
2.0869
2.22208
2.04747
2.92952
2.84877
2.00516
2.87594
3.00076
2.28559
2.21936
2.03194
2.95619
2.09041
2.93045
2.86972
2.28214
2.89288
2.84175
2.23547
2.24283
2.077
2.25366
2.2953
2.44788
2.74108
2.05823
2.97253
2.26607
2.03939
2.89167
2.04223
2.85796
2.22379
2.96713
