6.79439
6.86578
6.69062
6.54482
6.56352
6.88525
7.17531
7.01564
7.76652
6.56634
7.05167
6.97162
6.40318
6.37658
6.40999
6.57673
6.48906
6.76967
6.71439
6.47826
7.74933
7.0451
6.42725
6.35736
6.67918
7.83825
6.72828
6.76175
6.61113
6.71938
6.88202
6.84128
6.46711
6.35182
6.39744
6.63262
7.7485
7.4273
6.70809
6.68661
6.8022
6.81196
6.77442
6.38472
6.51672
6.64415
6.55649
7.03349
6.78672
6.88809
6.67713
7.88107
6.70755
6.63241
6.34063
6.427
6.41691
6.47487
6.38602
6.45415
6.74348
6.90558
6.28588
6.21137
6.30836
6.52273
6.36344
6.45506
6.8794
7.13804
6.73032
6.44029
6.26089
6.21606
6.31388
6.38758
6.21351
6.6805
6.86812
6.81014
9.25526
7.72809
8.112
7.5638
7.48431
7.55771
7.61593
7.57334
7.37334
10.3827
7.59975
8.28492
8.05525
8.33265
7.65444
7.64596
11.2866
7.88115
7.70097
7.87975
10.4303
8.08895
7.93535
7.54658
7.53191
7.81591
10.8162
7.96803
10.7247
9.4901
11.5687
8.52778
7.96675
7.70648
7.51936
7.63277
10.5586
7.83212
7.57226
8.78404
14.5755
13.8956
13.4832
14.1403
13.8514
13.6765
14.4184
13.5709
13.7284
13.1952
17.0336
14.3827
14.03
14.1485
14.9489
13.6736
13.9084
15.561
13.4814
13.4286
17.1155
13.9288
13.8189
14.4655
14.2084
14.2173
14.5341
13.693
14.0154
13.3758
16.9363
13.7244
13.6312
14.0134
14.3823
14.1235
14.1424
13.7321
14.2092
13.4728
15.105
15.3992
15.8492
16.1262
15.3492
15.6587
16.57
18.3036
18.9362
17.8413
17.4626
14.7292
15.5323
15.9129
15.0702
19.6805
16.8847
18.3153
18.5216
18.3641
16.942
14.6151
15.4427
16.6163
15.722
18.7757
17.2681
18.2361
18.1095
17.9013
17.0379
15.3339
16.7684
16.2365
15.785
17.9601
17.1568
17.9747
18.3724
17.7002
14.3702
14.1976
10.395
13.9876
10.4982
14.1089
10.64
14.2273
10.5164
13.3652
13.9069
14.1936
13.0735
13.1418
13.916
13.3366
13.2566
13.5175
13.5613
10.5238
14.4041
10.3631
10.4815
10.3172
10.3734
14.842
11.3183
13.2147
10.5441
13.3902
14.412
13.0622
10.2904
10.6606
10.4221
10.5695
10.4828
14.5712
13.3448
14.2197
35.8462
34.3552
56.6191
52.0397
34.7333
34.2606
52.4463
35.1673
34.2402
52.7807
33.9977
35.0158
52.2373
34.9123
34.6091
51.8593
35.1087
34.4631
52.054
51.8102
36.4583
34.2587
37.2876
35.5813
51.8968
52.408
52.3705
35.5601
34.1709
34.8432
33.7548
34.7485
51.885
52.3937
34.586
34.8096
53.1057
51.2464
54.4576
51.62
