36.4649
36.9059
35.9422
34.3256
35.6442
34.8768
35.4102
34.5599
36.2977
34.9017
33.4354
34.4024
34.5741
34.163
36.1566
34.5473
35.6229
35.725
35.1201
34.7227
33.3519
38.3221
35.2452
35.7466
35.135
34.2257
35.5231
34.8183
33.7103
35.8118
31.2166
36.9834
34.8876
34.9801
35.8531
34.4491
35.1793
35.1861
34.1976
35.5159
33.685
35.6374
33.9939
33.879
36.0118
35.2415
36.1207
34.5753
35.6607
36.3369
34.2347
35.8819
34.5197
33.9327
35.0967
35.4518
36.8426
36.6192
35.6752
35.3732
36.3283
37.4191
34.7571
35.8617
33.9455
34.6625
36.6468
34.4483
36.0838
34.1146
35.9018
36.8924
36.2327
35.9423
36.0377
37.4472
37.0846
33.131
36.3431
36.1131
34.9038
36.2279
34.4931
35.37
35.5619
34.9362
36.7279
35.6514
35.799
35.4785
34.2218
36.8386
31.4616
36.0314
36.4716
37.1958
36.2014
34.0268
34.6219
34.5175
34.9465
36.3227
34.7437
33.7833
36.208
37.797
36.8024
36.6304
35.3686
37.4199
33.59
35.6636
34.4016
35.596
38.4521
31.2337
36.8466
33.5939
35.0451
35.0383
34.7266
36.4559
33.7446
33.5422
34.6065
32.2196
35.9785
32.7043
35.7257
34.4046
32.0719
33.5317
34.6192
34.7711
35.2033
34.6207
33.207
34.8938
34.2788
32.5915
32.5847
36.9299
33.0838
33.4727
35.5271
31.7272
34.688
33.8872
33.0756
32.87
31.9492
36.4161
32.9465
33.4573
35.9148
31.3002
35.9167
32.6693
32.1434
34.9517
32.1366
35.3344
28.9376
36.3479
35.9129
35.9513
35.8896
35.1613
35.4759
36.0725
33.6361
36.8151
29.4761
36.2805
36.0749
36.7443
36.6508
36.0716
34.5405
35.6125
36.6104
36.1665
32.5244
36.579
35.5025
35.8869
37.4127
34.3691
35.2871
34.3244
35.3957
29.0123
34.5474
36.0918
31.7395
35.7969
37.4822
36.2939
35.7115
34.369
34.8033
32.7842
32.4934
35.1311
31.5808
34.4149
32.8439
34.838
31.5307
36.4524
34.8706
33.1928
32.2641
33.2975
33.2428
33.3549
31.8711
31.9331
32.5925
33.0289
34.2323
33.1831
31.942
35.075
34.5721
34.5399
33.4239
36.6352
31.7815
35.7857
32.2069
32.9583
31.4357
33.7221
38.4487
31.8346
34.1738
36.2179
34.4172
30.9269
