27.9236
28.2589
27.0142
27.2603
26.979
27.0724
26.8496
27.2565
26.9531
27.2559
27.3333
27.3201
26.8395
26.5789
27.2306
27.1903
27.0445
26.1857
26.5987
26.6693
27.2621
27.2074
27.1258
27.054
26.9513
27.2222
27.1535
26.8437
26.8818
27.0127
27.8272
27.383
27.1786
27.2337
26.7885
27.0915
26.8482
26.2495
26.4056
26.6838
26.8157
27.2635
27.5758
26.9169
27.0984
27.0329
27.4204
26.6318
26.8758
27.0036
27.4736
27.0011
27.3899
27.1068
27.2433
27.4327
27.1054
26.4945
26.8858
27.1294
27.8277
27.7098
27.1456
27.2257
26.9201
26.8075
26.5853
26.6789
26.5791
26.8953
27.0683
27.0789
27.4937
26.9046
26.9762
27.5427
27.3338
27.0922
27.1549
27.0853
27.9727
27.1761
27.0577
26.659
26.6812
27.8201
26.8909
26.4194
27.4294
27.0274
27.6189
27.1436
27.7548
27.0407
27.3782
27.0667
26.838
26.5214
27.1665
27.3751
27.9563
26.9975
26.9589
26.8067
26.979
26.8538
26.7341
26.6048
26.6775
26.8587
27.0574
27.3299
27.4815
27.017
27.2119
27.2071
27.0864
27.2642
26.5529
26.9597
27.0074
26.8069
27.3078
27.0176
27.001
27.4329
26.8264
26.3688
26.7754
26.9778
26.9184
27.0247
26.8223
26.674
26.9847
26.7991
28.2166
26.7412
26.7521
26.9181
27.3422
27.0663
26.9315
26.9364
27.1929
26.8371
27.0251
26.1928
26.6741
26.577
27.0532
27.0861
27.2695
27.1189
27.3086
27.0775
26.8425
26.6432
26.8188
26.7228
27.2927
27.0304
26.8068
27.176
27.3253
27.1434
27.4341
27.1915
27.2291
27.1311
27.6234
27.1631
27.0276
26.6798
27.6528
27.5434
27.6616
26.6272
26.9552
26.926
27.4428
27.0569
27.1494
26.8898
27.7606
27.8392
26.7966
26.826
26.9314
26.9155
27.3676
27.0005
27.0763
26.6638
26.9764
26.771
26.9218
27.184
27.7665
27.0926
