0.764074
0.749476
0.745023
0.738557
0.738263
0.735681
0.736417
0.732127
0.744544
0.747114
0.75595
0.74526
0.746952
0.738371
0.736794
0.73449
0.737117
0.731849
0.743275
0.74745
0.794066
0.74389
0.741911
0.740956
0.737052
0.734263
0.736778
0.733134
0.745258
0.742046
0.751676
0.746466
0.741158
0.747028
0.738586
0.739433
0.735457
0.731791
0.745782
0.742294
0.751709
0.744393
0.73949
0.736246
0.736165
0.737625
0.735669
0.734297
0.741167
0.74049
0.749471
0.741984
0.74597
0.735783
0.735234
0.732325
0.73087
0.728678
0.740474
0.741749
0.749498
0.742528
0.741563
0.735676
0.733645
0.732217
0.740071
0.72822
0.742357
0.740716
0.750509
0.740669
0.740204
0.744993
0.75639
0.731998
0.733965
0.730722
0.74269
0.741859
0.749963
0.741425
0.602279
0.734874
0.735076
0.736078
0.735544
0.73124
0.744066
0.741121
0.746672
0.739344
0.738696
0.73457
0.733581
0.730082
0.734489
0.729284
0.749966
0.740112
0.754826
0.743099
0.747088
0.736
0.733227
0.735933
0.809283
0.72864
0.7417
0.739573
0.751854
0.745792
0.739525
0.739304
0.739155
0.734752
0.732796
0.729633
0.751071
0.74045
0.755015
0.743007
0.743146
0.742827
0.74229
0.734974
0.739176
0.73765
0.747376
0.747539
0.756168
0.743438
0.743425
0.736335
0.735732
0.733924
0.735487
0.732036
0.742931
0.742208
0.749747
0.744772
0.740774
0.738645
0.737085
0.732602
0.733199
0.731248
0.743459
0.742883
0.751081
0.744116
0.741355
0.738736
0.742147
0.735556
0.735173
0.729029
0.741074
0.743592
0.751949
0.746547
0.745192
0.738603
0.735457
0.73866
0.736852
0.731803
0.743837
0.743256
0.750951
0.743692
0.743111
0.73807
0.737377
0.738497
0.736045
0.7341
0.74327
0.784261
0.787685
0.748574
0.742803
0.737679
0.742466
0.73427
0.73554
0.738475
0.745261
0.915462
0.789609
0.745416
0.741581
0.742666
0.735193
0.733773
0.73633
0.733522
0.746414
0.742017
