10.3387
7.82397
7.43497
7.50193
7.78594
14.1538
7.65223
8.55187
8.02509
10.3543
7.61838
7.81301
10.2799
7.67556
7.96147
14.5928
7.64143
9.15085
8.09294
10.6337
8.08492
7.59611
7.58512
7.5636
7.714
14.1825
7.3518
8.7511
8.15645
10.3758
7.89207
8.1954
7.75067
7.82661
8.17879
14.7385
7.57607
9.00101
8.12564
10.4048
7.76118
7.95689
7.84289
7.60497
8.05335
14.1778
7.36184
8.45248
7.9481
10.1938
7.51858
7.44042
7.47416
7.52383
7.8385
16.9655
7.85104
9.07025
8.61476
10.6789
8.06596
7.52036
7.60508
7.51089
7.80792
14.3165
7.32136
8.40787
8.09442
10.2145
7.64814
7.74288
7.76604
7.84781
7.99536
14.8224
7.12169
8.51485
7.93539
10.2638
7.49814
7.436
7.49558
7.57959
7.81229
14.6026
7.47184
8.61763
8.23365
10.651
8.43919
7.55952
7.60618
7.52019
7.81461
14.1717
7.32551
8.45908
7.91104
10.1872
7.67245
7.49511
7.62502
7.73944
8.10048
14.5264
7.48081
8.71331
7.94399
10.2092
7.56827
7.46875
7.48036
7.51856
7.82691
14.2257
7.51374
8.70074
8.17994
10.3277
7.56021
7.52318
7.52
7.52366
7.95104
14.3879
7.36351
8.50068
7.98598
10.5932
7.81662
7.48623
7.48058
7.56575
7.89492
14.9044
7.36851
8.50321
7.95354
10.5061
7.48544
7.43437
7.57783
7.46142
8.30058
14.5619
7.38726
8.44975
7.99318
10.5943
7.8791
7.45404
7.48651
7.53834
7.84419
14.3314
7.37289
8.49251
7.90751
10.3857
8.54383
8.43354
8.46898
7.76349
8.0046
14.3889
7.57935
8.69107
8.16701
10.7949
7.97118
10.6738
8.2744
7.8402
8.18384
14.1752
7.33877
10.3982
8.51348
10.2899
10.4698
7.75172
7.528
7.5191
7.82675
14.1632
7.37641
8.73644
8.06315
10.4432
10.3542
7.66186
7.27501
7.53336
7.80296
14.1964
7.32948
8.4492
8.75185
11.1283
