100.969
5.12559
4.89037
5.21822
5.26957
5.21738
5.29778
5.32736
4.75125
4.78723
4.6871
4.7104
4.61134
4.78449
4.95121
4.63967
4.63592
4.6813
4.75035
4.76795
4.72626
4.6375
4.70796
4.57605
4.59308
4.64886
4.87386
4.69546
4.67519
4.72669
4.7059
4.75991
4.66775
4.59202
4.66212
4.79524
4.74853
4.94048
4.66634
4.76397
4.68091
4.91485
4.80075
4.59188
4.67083
4.60501
4.67134
4.65848
4.66827
4.70359
4.65046
4.61716
4.60224
4.6046
4.61173
4.61962
4.64148
4.63182
4.68837
4.70688
4.68769
4.69239
4.68824
5.3428
4.64484
4.68862
4.70788
4.66399
4.81086
4.74812
4.68803
4.64656
4.63626
4.60128
4.61606
4.63398
4.673
4.65597
4.68829
4.71118
4.65843
4.75058
4.71685
4.6284
4.61991
4.67674
4.70938
4.69009
4.93445
4.70595
4.65131
4.62019
4.60443
4.59744
4.60316
4.59548
4.64773
4.80845
4.72824
4.81243
4.69054
5.24823
4.64762
4.68387
4.62847
4.6364
4.70935
4.65202
4.69381
4.6884
4.66615
4.64166
4.61577
4.67794
4.64995
4.6856
4.67908
4.67708
4.71406
4.80089
4.71328
4.67776
4.69351
4.63194
4.68293
4.72908
4.68305
4.65652
4.85213
4.75916
4.73114
4.67013
4.64331
4.68625
4.68948
4.68779
4.70941
4.62719
4.67359
4.69216
4.72441
4.72023
4.64167
4.62307
4.73535
4.93714
4.75389
4.65968
4.72709
5.23618
4.785
4.69689
4.65684
4.61094
4.58068
4.66535
4.71815
4.68931
4.70886
4.71535
4.48427
4.67929
4.8143
4.6988
4.68769
4.6559
4.68559
4.67754
5.07701
4.89945
5.16448
4.67883
4.65817
4.65794
4.6421
5.09355
4.7315
4.74748
4.74336
5.88043
5.15902
4.67954
4.68056
4.62403
4.72521
5.10609
4.70327
4.67186
4.7397
4.74047
5.12972
4.75483
4.66649
4.65212
4.67789
5.13187
5.38525
4.66975
4.75442
4.81716
