11.4511
10.3199
10.2596
10.0706
10.0881
9.98245
10.349
10.0259
10.2479
9.98502
9.99835
10.1906
10.3428
10.1207
9.88948
10.0904
10.2282
10.0259
10.4381
10.5847
9.65914
10.543
10.113
10.0188
9.66794
10.305
10.2777
9.95831
10.2311
10.5957
9.43201
10.2082
10.2381
10.1915
10.4825
10.1171
10.0583
10.5773
10.4039
10.2191
9.99266
10.8073
9.92761
10.0378
10.0671
9.61383
10.0518
10.1013
10.0235
10.3148
9.44646
10.259
10.1749
10.0734
10.2984
9.92649
10.3984
11.1589
9.77629
10.2348
9.88267
10.2673
10.0562
9.87205
9.97971
11.1272
10.1597
10.1329
11.1759
10.9427
10.9432
10.3916
10.2062
9.9035
9.98289
10.1237
10.0906
9.98506
11.2429
10.2167
10.0066
10.5436
10.5147
10.4419
10.4141
10.5591
10.3309
10.3278
10.4329
10.3258
10.0883
10.6496
10.5348
10.4814
10.489
11.0597
10.5368
10.4985
10.0941
10.2843
10.0944
10.4094
10.367
10.3081
10.8062
10.9204
11.0354
11.3304
11.4715
10.4982
10.0492
10.365
10.3225
10.2462
10.4317
10.4038
11.0084
10.7765
10.9782
10.9869
10.5379
9.88332
7.43438
7.90527
7.70187
7.48757
7.50397
7.45636
7.54984
7.61707
7.47176
7.43614
7.4955
7.52973
7.83173
7.4661
7.4952
7.47423
7.56853
7.55255
7.49321
7.49302
7.47691
7.66674
7.58479
7.66827
7.48752
7.65779
8.42507
7.86193
7.50873
7.46027
7.45425
7.92489
7.88135
7.46823
7.45548
7.57206
8.0316
7.98668
7.47783
7.51215
7.43857
7.49444
7.47299
7.41974
7.69773
7.5934
7.56398
7.52785
10.1961
7.48569
7.45781
7.44633
7.43176
7.57559
7.67569
7.4947
7.53612
7.54936
10.2258
7.46945
7.49123
7.46969
7.45778
7.42879
7.55917
7.51472
7.60452
7.54928
10.267
7.59502
7.50331
7.46897
7.50734
7.47291
7.42973
7.50276
7.58992
7.49597
