53.249
56.9116
56.5206
56.7478
56.8838
56.1879
56.2757
56.5466
57.0416
57.104
55.1825
57.2168
56.4121
56.6486
56.6955
56.7895
57.0431
56.4804
57.1023
56.7583
54.9437
57.4628
57.1343
56.8131
57.0844
57.2726
56.5437
56.8095
57.1248
56.7985
55.2144
56.9401
56.246
62.9376
57.2495
57.0743
56.1044
56.7581
55.6063
56.938
55.1955
56.9426
56.6086
58.3418
58.6007
58.4825
57.0139
58.1062
57.5275
56.5776
54.9603
59.4139
58.9195
57.6853
56.5981
58.4032
57.1736
56.0241
57.0134
58.0919
54.9437
57.1878
56.4053
58.1662
58.144
56.822
56.3372
58.346
57.3148
57.3136
54.5726
58.732
57.4094
56.4134
56.6115
58.5166
57.5831
57.3388
60.7032
58.0702
55.5539
56.9266
56.6144
57.1848
55.8553
56.6753
55.7646
58.2525
56.238
55.6395
54.506
56.7943
55.8138
55.7554
56.7093
57.4754
56.0912
56.2477
55.7939
55.2509
56.0869
56.72
56.5803
55.4686
55.1564
59.4259
56.3804
56.4693
54.736
56.4842
56.406
56.5221
56.3326
55.4958
56.2014
59.3891
56.3938
58.0427
54.9646
56.3374
56.392
40.3621
57.8637
56.5
54.9424
41.4434
57.1193
55.4716
38.8716
57.6603
54.2164
40.2075
57.3303
55.0364
40.7724
57.6721
56.7719
40.626
57.2473
56.7997
54.9649
40.6465
55.5363
41.148
56.7433
57.896
56.5571
56.3296
39.3037
40.2794
55.8208
39.8329
58.7384
56.4935
54.9917
40.1124
59.14
56.6644
59.6309
56.7927
